-9.125210474629492091e+04
-9.125210274980888062e+04
-9.125210254657475161e+04
-9.125210494952904992e+04
-9.125210290801271913e+04
-9.125210458809108241e+04
-9.125210287690992118e+04
-9.125210461919388035e+04
-9.125210246909975831e+04
-9.125210502700404322e+04
-9.125210593650242663e+04
-9.125210155960137490e+04
-9.123341839183354750e+04
-9.123333874850513530e+04
-9.123339555379182275e+04
-9.123336158654686005e+04
-9.123357925837350194e+04
-9.123317788196518086e+04
-9.123344637376950413e+04
-9.123331076656917867e+04
-9.123341933256197080e+04
-9.123333780777671200e+04
-9.123336391576635651e+04
-9.123339322457232629e+04
-9.125152564760977111e+04
-9.125150558717384411e+04
-9.125151284913967538e+04
-9.125151838564393984e+04
-9.125154175522526202e+04
-9.125148947955835320e+04
-9.125151596244811662e+04
-9.125151527233549859e+04
-9.125151269393961411e+04
-9.125151854084400111e+04
-9.125151805004650669e+04
-9.125151318473710853e+04
-9.125173969681447488e+04
-9.125174187548758346e+04
-9.125174055907891307e+04
-9.125174101322314527e+04
-9.125174253379991569e+04
-9.125173903850214265e+04
-9.125174320885133056e+04
-9.125173836345072777e+04
-9.125174161183506658e+04
-9.125173996046699176e+04
-9.125174095614868565e+04
-9.125174061615337268e+04
-9.125220710095344111e+04
-9.125220705635895138e+04
-9.125220709492999595e+04
-9.125220706238239654e+04
-9.125220540231686027e+04
-9.125220875499553222e+04
-9.125220704132382525e+04
-9.125220711598856724e+04
-9.125220556563491118e+04
-9.125220859167748131e+04
-9.125220849210435699e+04
-9.125220566520803550e+04
-9.125299200252648734e+04
-9.125299247367984208e+04
-9.125299184959982813e+04
-9.125299262660650129e+04
-9.125299078639596701e+04
-9.125299368981036241e+04
-9.125299227150638762e+04
-9.125299220469994179e+04
-9.125299888680200092e+04
-9.125298558940432849e+04
-9.125299091061108629e+04
-9.125299356559524313e+04
-9.125175277478329372e+04
-9.125175268557629897e+04
-9.125175276513009157e+04
-9.125175269522950111e+04
-9.125175267847104988e+04
-9.125175278188854281e+04
-9.125175273711762566e+04
-9.125175272324196703e+04
-9.125175270792718220e+04
-9.125175275243241049e+04
-9.125175272119369765e+04
-9.125175273916589504e+04
-9.125205866203768528e+04
-9.125205844601232093e+04
-9.125205948612446082e+04
-9.125205762192554539e+04
-9.125206022996774118e+04
-9.125205687808226503e+04
-9.125206131668390299e+04
-9.125205579136610322e+04
-9.125205337332603813e+04
-9.125206373472396808e+04
-9.125205772982834606e+04
-9.125205937822166015e+04
-9.125180564707434678e+04
-9.125180559291406826e+04
-9.125180567901066388e+04
-9.125180556097775116e+04
-9.125180546373284596e+04
-9.125180577625556907e+04
-9.125180564032269467e+04
-9.125180559966572037e+04
-9.125180565606582968e+04
-9.125180558392258536e+04
-9.125180563949314819e+04
-9.125180560049526684e+04
-9.125182552340932307e+04
-9.125182554316055030e+04
-9.125182550831373374e+04
-9.125182555825613963e+04
-9.125182529507351865e+04
-9.125182577149635472e+04
-9.125182552438633866e+04
-9.125182554218353471e+04
-9.125182549459818983e+04
-9.125182557197168353e+04
-9.125182556457696774e+04
-9.125182550199290563e+04
-9.125188105237635318e+04
-9.125188106956545380e+04
-9.125188106742051605e+04
-9.125188105452129093e+04
-9.125188083136302885e+04
-9.125188129057877813e+04
-9.125188106614729622e+04
-9.125188105579451076e+04
-9.125188104043302883e+04
-9.125188108150877815e+04
-9.125188109392490878e+04
-9.125188102801689820e+04
-9.125380408456857549e+04
-9.125380368374902173e+04
-9.125380423354794038e+04
-9.125380353476965684e+04
-9.125380269561622117e+04
-9.125380507270137605e+04
-9.125380388459366804e+04
-9.125380388372392918e+04
-9.125380406437303463e+04
-9.125380370394456259e+04
-9.125380814399202063e+04
-9.125379962432557659e+04
